ISS (ZARYA)             
1 25544U 98067A   23249.64118748  .00012174  00000+0  21887-3 0  9992
2 25544  51.6416 285.0139 0005632  35.5812 110.7720 15.50263295414424
ISS DEB                 
1 47853U 98067RZ  23249.70467655  .00034538  00000+0  24894-3 0  9999
2 47853  51.6343 242.2947 0001544  74.3146 285.8023 15.73212419141627
CSS (TIANHE)            
1 48274U 21035A   23249.83592966  .00029291  00000+0  32950-3 0  9998
2 48274  41.4752  19.3688 0010586 314.9820  45.0161 15.61867258134590
ISS (NAUKA)             
1 49044U 21066A   23249.64118748  .00012174  00000+0  21887-3 0  9998
2 49044  51.6416 285.0139 0005632  35.5812 110.7720 15.50263295414425
FREGAT DEB              
1 49271U 11037PF  23249.81523963  .00005232  00000+0  17878-1 0  9995
2 49271  51.6235  75.4294 0907707 244.0940 106.3644 12.05002786100748
CSS (WENTIAN)           
1 53239U 22085A   23249.70804423  .00026628  00000+0  30010-3 0  9997
2 53239  41.4752  20.1485 0010572 314.1845  45.8125 15.61858218134578
CSS (MENGTIAN)          
1 54216U 22143A   23249.70804423  .00026628  00000+0  30010-3 0  9998
2 54216  41.4752  20.1485 0010572 314.1845  45.8125 15.61858218134574
TIANZHOU-5              
1 54237U 22152A   23249.70804423  .00026628  00000+0  30010-3 0  9991
2 54237  41.4752  20.1485 0010572 314.1845  45.8125 15.61858218134577
SPORT                   
1 55129U 98067UW  23249.02584178  .00215870  00000+0  79806-3 0  9992
2 55129  51.6236 260.8016 0008371  46.9304 313.2400 15.86968258 39299
ISS DEB (SPX-26 IPA FSE)
1 55448U 98067VB  23249.51406427  .00054874  00000+0  46249-3 0  9990
2 55448  51.6330 270.2111 0008301  44.4206 315.7456 15.69225861 33992
SOYUZ-MS 23             
1 55688U 23024A   23249.64118748  .00012174  00000+0  21887-3 0  9995
2 55688  51.6416 285.0139 0005632  35.5812 110.7720 15.50263295414426
ARKSAT 1                
1 56311U 98067VC  23248.54972515  .00102269  00000+0  80087-3 0  9998
2 56311  51.6339 281.0221 0010226  25.8377 334.3129 15.70716190 20930
AURORASAT               
1 56312U 98067VD  23249.67580298  .00185974  00000+0  10952-2 0  9994
2 56312  51.6302 273.5145 0011226  29.7072 330.4563 15.77028158 21160
EX-ALTA-2               
1 56313U 98067VE  23249.11737572  .00135201  00000+0  10350-2 0  9993
2 56313  51.6306 278.0442 0010208  26.7220 333.4302 15.71130771 21046
LIGHTCUBE               
1 56314U 98067VF  23249.07831127  .00192235  00000+0  12186-2 0  9999
2 56314  51.6302 277.0262 0011525  21.1926 338.9549 15.75330944 21082
NEUDOSE                 
1 56315U 98067VG  23249.78102923  .00088333  00000+0  88145-3 0  9995
2 56315  51.6330 277.2441 0009675  22.6278 337.5142 15.64837932 21096
YUKONSAT                
1 56316U 98067VH  23249.79578657  .00109987  00000+0  95370-3 0  9995
2 56316  51.6326 275.8374 0010199  22.2716 337.8722 15.68220634 21138
ISS DEB                 
1 56434U 98067VJ  23249.71201230  .00058301  00000+0  63013-3 0  9990
2 56434  51.6360 279.0518 0009271  33.0115 327.1457 15.62988647 19633
TIANZHOU-6              
1 56446U 23063A   23249.70804423  .00026628  00000+0  30010-3 0  9997
2 56446  41.4752  20.1485 0010572 314.1845  45.8125 15.61858218134571
PROGRESS-MS 23          
1 56740U 23071A   23249.64118748  .00012174  00000+0  21887-3 0  9997
2 56740  51.6416 285.0139 0005632  35.5812 110.7720 15.50263295414426
SHENZHOU-16 (SZ-16)     
1 56761U 23077A   23249.70804423  .00026628  00000+0  30010-3 0  9992
2 56761  41.4752  20.1485 0010572 314.1845  45.8125 15.61858218134571
ISS DEB                 
1 57212U 98067VP  23249.57614887  .00027390  00000+0  41906-3 0  9996
2 57212  51.6383 284.1443 0006511   7.1741 352.9342 15.54143648 11364
1998-067VQ              
1 57312U 98067VQ  23249.67229484  .00051012  00000+0  70570-3 0  9990
2 57312  51.6381 283.2872 0005335  60.0227 300.1294 15.56592866  9684
1998-067VR              
1 57313U 98067VR  23249.68108419  .00042540  00000+0  60278-3 0  9996
2 57313  51.6387 283.3464 0003182  51.4285 308.6991 15.56033492  9698
1998-067VS              
1 57314U 98067VS  23249.79560714  .00123504  00000+0  14408-2 0  9992
2 57314  51.6332 281.8513 0006791  38.1514 321.9959 15.60709282  9710
1998-067VT              
1 57315U 98067VT  23249.79773251  .00063170  00000+0  86623-3 0  9996
2 57315  51.6374 282.6237 0005748  60.8620 299.2946 15.56736324  9715
MOONLIGHTER             
1 57316U 98067VU  23249.63591484  .00024571  00000+0  32556-3 0  9994
2 57316  51.6377 283.0441 0006484  39.2674 320.8788 15.58113699  9685
1998-067VV              
1 57317U 98067VV  23249.82514409  .00092501  00000+0  11609-2 0  9991
2 57317  51.6398 282.0641 0007085  50.9829 309.1794 15.58926663  9714
MAYA-5                  
1 57419U 98067VW  23249.11106089  .00078428  00000+0  10607-2 0  9996
2 57419  51.6373 286.2841 0009136  24.5641 335.5784 15.56987639  7602
MAYA-6                  
1 57420U 98067VX  23249.11155122  .00077351  00000+0  10491-2 0  9995
2 57420  51.6368 286.2866 0009115  24.2305 335.9114 15.56917905  7606
CYGNUS NG-19            
1 57488U 23110A   23249.64118748  .00012174  00000+0  21887-3 0  9991
2 57488  51.6416 285.0139 0005632  35.5812 110.7720 15.50263295414426
PROGRESS-MS 24          
1 57691U 23125A   23249.64118748  .00012174  00000+0  21887-3 0  9993
2 57691  51.6416 285.0139 0005632  35.5812 110.7720 15.50263295414422
CREW DRAGON 7           
1 57697U 23128A   23249.64118748  .00012174  00000+0  21887-3 0  9992
2 57697  51.6416 285.0139 0005632  35.5812 110.7720 15.50263295414428
